/*--------------------------------*- C++ -*----------------------------------*\
| =========                 |                                                 |
| \\      /  F ield         | OpenFOAM: The Open Source CFD Toolbox           |
|  \\    /   O peration     | Version:  2412                                  |
|   \\  /    A nd           | Website:  www.openfoam.com                      |
|    \\/     M anipulation  |                                                 |
\*---------------------------------------------------------------------------*/
FoamFile
{
    version     2.0;
    format      ascii;
    arch        "LSB;label=32;scalar=64";
    class       faceList;
    location    "constant/polyMesh";
    object      faces;
}
// * * * * * * * * * * * * * * * * * * * * * * * * * * * * * * * * * * * * * //


1666
(
4(27 317 327 37)
4(30 66 356 320)
4(21 67 357 311)
4(82 8 298 372)
4(82 372 299 9)
4(83 24 314 373)
4(83 373 315 25)
4(84 53 343 374)
4(84 374 344 54)
4(85 58 348 375)
4(85 375 349 59)
4(86 376 368 78)
4(86 79 369 376)
4(87 377 308 18)
4(88 12 302 378)
4(88 378 303 13)
4(89 69 359 379)
4(89 379 358 68)
4(90 63 353 380)
4(90 380 354 64)
4(91 381 317 27)
4(91 26 316 381)
4(37 91 381 327)
4(91 381 328 38)
4(92 382 371 81)
4(92 14 304 382)
4(93 383 356 66)
4(93 65 355 383)
4(93 30 320 383)
4(93 383 321 31)
4(94 35 325 384)
4(95 385 334 44)
4(95 43 333 385)
4(96 8 298 386)
4(96 7 297 386)
4(9 97 387 299)
4(97 387 300 10)
4(98 388 295 5)
4(98 4 294 388)
4(99 389 331 41)
4(99 40 330 389)
4(100 24 314 390)
4(100 390 373 83)
4(100 23 313 390)
4(101 26 316 391)
4(101 391 381 91)
4(25 101 391 315)
4(83 373 391 101)
4(102 53 343 392)
4(102 392 374 84)
4(102 52 342 392)
4(54 103 393 344)
4(84 374 393 103)
4(103 393 345 55)
4(104 58 348 394)
4(104 394 375 85)
4(104 57 347 394)
4(59 105 395 349)
4(85 375 395 105)
4(105 395 350 60)
4(106 396 338 48)
4(106 47 337 396)
4(78 107 397 368)
4(86 376 397 107)
4(107 397 367 77)
4(108 79 369 398)
4(108 398 376 86)
4(108 80 370 398)
4(109 33 323 399)
4(109 399 324 34)
4(18 110 400 308)
4(87 377 400 110)
4(110 400 307 17)
4(112 12 302 402)
4(112 11 301 402)
4(113 69 359 403)
4(113 403 379 89)
4(113 70 360 403)
4(114 21 311 404)
4(114 404 312 22)
4(114 67 357 404)
4(68 114 404 358)
4(89 379 404 114)
4(115 63 353 405)
4(115 405 380 90)
4(115 62 352 405)
4(116 65 355 406)
4(116 406 383 93)
4(64 116 406 354)
4(90 380 406 116)
4(38 117 407 328)
4(91 381 407 117)
4(117 407 329 39)
4(118 80 370 408)
4(118 408 398 108)
4(81 118 408 371)
4(92 382 408 118)
4(119 409 290 0)
4(119 51 341 409)
4(120 14 304 410)
4(120 410 382 92)
4(120 15 305 410)
4(31 121 411 321)
4(93 383 411 121)
4(121 411 322 32)
4(44 122 412 334)
4(95 385 412 122)
4(122 412 335 45)
4(123 413 363 73)
4(123 74 364 413)
4(124 43 333 414)
4(124 414 385 95)
4(124 42 332 414)
4(125 7 297 415)
4(125 415 386 96)
4(125 6 296 415)
4(126 11 301 416)
4(10 126 416 300)
4(127 6 296 417)
4(127 417 415 125)
4(5 127 417 295)
4(98 388 417 127)
4(128 4 294 418)
4(128 418 388 98)
4(128 3 293 418)
4(129 42 332 419)
4(129 419 414 124)
4(41 129 419 331)
4(99 389 419 129)
4(39 130 420 329)
4(117 407 420 130)
4(130 40 330 420)
4(130 420 389 99)
4(22 131 421 312)
4(114 404 421 131)
4(131 23 313 421)
4(131 421 390 100)
4(13 132 422 303)
4(88 378 422 132)
4(132 52 342 422)
4(132 422 392 102)
4(55 133 423 345)
4(103 393 423 133)
4(133 423 346 56)
4(56 134 424 346)
4(133 423 424 134)
4(134 57 347 424)
4(134 424 394 104)
4(60 135 425 350)
4(105 395 425 135)
4(135 425 351 61)
4(48 136 426 338)
4(106 396 426 136)
4(136 426 339 49)
4(137 47 337 427)
4(137 427 396 106)
4(137 46 336 427)
4(138 76 366 428)
4(138 428 365 75)
4(139 76 366 429)
4(139 429 428 138)
4(77 139 429 367)
4(107 397 429 139)
4(32 140 430 322)
4(121 411 430 140)
4(140 33 323 430)
4(140 430 399 109)
4(141 35 325 431)
4(141 431 384 94)
4(34 141 431 324)
4(109 399 431 141)
4(17 142 432 307)
4(110 400 432 142)
4(142 432 306 16)
4(143 433 361 71)
4(143 72 362 433)
4(71 144 434 361)
4(143 433 434 144)
4(144 70 360 434)
4(144 434 403 113)
4(61 145 435 351)
4(135 425 435 145)
4(145 62 352 435)
4(145 435 405 115)
4(0 146 436 290)
4(119 409 436 146)
4(146 436 291 1)
4(147 51 341 437)
4(147 437 409 119)
4(147 50 340 437)
4(16 148 438 306)
4(142 432 438 148)
4(148 15 305 438)
4(148 438 410 120)
4(149 46 336 439)
4(149 439 427 137)
4(45 149 439 335)
4(122 412 439 149)
4(150 72 362 440)
4(150 440 433 143)
4(73 150 440 363)
4(123 413 440 150)
4(75 151 441 365)
4(138 428 441 151)
4(151 74 364 441)
4(151 441 413 123)
4(152 3 293 442)
4(152 442 418 128)
4(152 2 292 442)
4(153 50 340 443)
4(153 443 437 147)
4(49 153 443 339)
4(136 426 443 153)
4(1 154 444 291)
4(146 436 444 154)
4(154 2 292 444)
4(154 444 442 152)
4(160 91 381 450)
4(160 450 407 117)
4(101 391 450 160)
4(161 93 383 451)
4(161 451 411 121)
4(116 406 451 161)
4(163 114 404 453)
4(163 453 421 131)
4(163 89 379 453)
4(141 431 454 164)
4(98 166 456 388)
4(128 418 456 166)
4(113 168 458 403)
4(144 434 458 168)
4(169 459 419 129)
4(169 99 389 459)
4(83 170 460 373)
4(100 390 460 170)
4(84 171 461 374)
4(102 392 461 171)
4(85 172 462 375)
4(104 394 462 172)
4(174 464 397 107)
4(174 86 376 464)
4(137 427 465 175)
4(106 175 465 396)
4(176 136 426 466)
4(176 466 443 153)
4(140 430 467 177)
4(109 177 467 399)
4(90 179 469 380)
4(115 405 469 179)
4(117 180 470 407)
4(160 450 470 180)
4(180 470 420 130)
4(83 181 471 373)
4(170 460 471 181)
4(181 101 391 471)
4(181 471 450 160)
4(182 140 430 472)
4(182 472 467 177)
4(121 182 472 411)
4(161 451 472 182)
4(90 183 473 380)
4(179 469 473 183)
4(183 116 406 473)
4(183 473 451 161)
4(184 95 385 474)
4(184 474 412 122)
4(123 185 475 413)
4(151 441 475 185)
4(186 100 390 476)
4(186 476 460 170)
4(131 186 476 421)
4(163 453 476 186)
4(113 187 477 403)
4(168 458 477 187)
4(187 89 379 477)
4(187 477 453 163)
4(190 146 436 480)
4(190 480 444 154)
4(147 437 482 192)
4(119 192 482 409)
4(98 193 483 388)
4(166 456 483 193)
4(193 483 417 127)
4(194 128 418 484)
4(194 484 456 166)
4(152 442 484 194)
4(197 144 434 487)
4(197 487 458 168)
4(197 143 433 487)
4(129 198 488 419)
4(169 459 488 198)
4(124 198 488 414)
4(156 200 490 446)
4(170 460 490 200)
4(170 156 446 460)
4(200 490 458 168)
4(156 168 458 446)
4(186 476 490 200)
4(200 490 477 187)
4(163 200 490 453)
4(84 201 491 374)
4(201 491 393 103)
4(202 102 392 492)
4(132 422 492 202)
4(85 204 494 375)
4(172 462 494 204)
4(204 494 395 105)
4(205 104 394 495)
4(205 495 462 172)
4(134 424 495 205)
4(107 208 498 397)
4(174 464 498 208)
4(208 498 429 139)
4(209 86 376 499)
4(209 499 464 174)
4(108 398 499 209)
4(210 137 427 500)
4(210 500 465 175)
4(149 439 500 210)
4(211 136 426 501)
4(211 501 466 176)
4(106 211 501 396)
4(175 465 501 211)
4(213 147 437 503)
4(213 503 482 192)
4(153 213 503 443)
4(176 466 503 213)
4(214 141 431 504)
4(214 504 454 164)
4(109 214 504 399)
4(177 467 504 214)
4(177 467 506 216)
4(177 159 449 467)
4(159 216 506 449)
4(182 472 506 216)
4(216 506 473 183)
4(216 179 469 506)
4(161 216 506 451)
4(217 115 405 507)
4(217 507 469 179)
4(145 435 507 217)
4(218 99 389 508)
4(218 508 459 169)
4(130 218 508 420)
4(180 470 508 218)
4(219 509 460 170)
4(219 156 446 509)
4(219 509 471 181)
4(160 219 509 450)
4(219 509 470 180)
4(219 509 508 218)
4(123 220 510 413)
4(185 475 510 220)
4(220 510 440 150)
4(221 151 441 511)
4(221 511 475 185)
4(221 138 428 511)
4(125 415 512 222)
4(223 142 432 513)
4(223 513 438 148)
4(119 225 515 409)
4(192 482 515 225)
4(225 146 436 515)
4(225 515 480 190)
4(165 189 479 455)
4(227 517 479 189)
4(227 165 455 517)
4(125 228 518 415)
4(127 417 518 228)
4(193 483 518 228)
4(154 229 519 444)
4(190 480 519 229)
4(229 152 442 519)
4(229 519 484 194)
4(111 401 520 230)
4(87 230 520 377)
4(167 232 522 457)
4(196 167 457 486)
4(196 486 522 232)
4(150 233 523 440)
4(220 510 523 233)
4(233 143 433 523)
4(233 523 487 197)
4(234 95 385 524)
4(234 524 474 184)
4(124 234 524 414)
4(198 488 524 234)
4(235 525 475 185)
4(162 185 475 452)
4(235 162 452 525)
4(235 525 510 220)
4(168 458 526 236)
4(156 236 526 446)
4(197 487 526 236)
4(237 527 526 236)
4(237 199 489 527)
4(199 236 526 489)
4(156 237 527 446)
4(103 238 528 393)
4(201 491 528 238)
4(238 528 423 133)
4(240 132 422 530)
4(172 462 531 241)
4(172 157 447 462)
4(241 531 495 205)
4(241 203 493 531)
4(203 205 495 493)
4(157 242 532 447)
4(105 243 533 395)
4(204 494 533 243)
4(243 533 425 135)
4(244 203 493 534)
4(245 535 468 178)
4(159 178 468 449)
4(245 159 449 535)
4(245 535 505 215)
4(206 245 535 496)
4(246 536 532 242)
4(247 138 428 537)
4(247 537 511 221)
4(139 247 537 429)
4(208 498 537 247)
4(209 499 538 248)
4(191 248 538 481)
4(209 191 481 499)
4(248 108 398 538)
4(118 408 538 248)
4(248 538 517 227)
4(191 227 517 481)
4(122 249 539 412)
4(184 474 539 249)
4(249 149 439 539)
4(249 539 500 210)
4(211 501 540 250)
4(176 250 540 466)
4(250 175 465 540)
4(250 540 516 226)
4(176 226 516 466)
4(158 250 540 448)
4(226 158 448 516)
4(251 541 464 174)
4(251 158 448 541)
4(158 174 464 448)
4(251 541 498 208)
4(185 475 542 252)
4(162 252 542 452)
4(221 511 542 252)
4(253 543 541 251)
4(253 158 448 543)
4(212 253 543 502)
4(251 212 502 541)
4(253 543 540 250)
4(253 175 465 543)
4(176 254 544 466)
4(226 516 544 254)
4(254 544 503 213)
4(192 254 544 482)
4(159 255 545 449)
4(178 468 545 255)
4(255 177 467 545)
4(255 545 504 214)
4(188 478 545 255)
4(164 255 545 454)
4(256 546 506 216)
4(256 179 469 546)
4(159 256 546 449)
4(257 547 509 219)
4(257 156 446 547)
4(218 257 547 508)
4(169 257 547 459)
4(257 547 527 237)
4(169 237 527 459)
4(258 142 432 548)
4(258 548 513 223)
4(258 110 400 548)
4(259 549 513 223)
4(189 223 513 479)
4(259 189 479 549)
4(148 259 549 438)
4(120 259 549 410)
4(260 550 514 224)
4(260 190 480 550)
4(190 224 514 480)
4(167 261 551 457)
4(224 514 551 261)
4(224 167 457 514)
4(261 551 485 195)
4(167 195 485 457)
4(262 552 551 261)
4(262 224 514 552)
4(223 513 552 262)
4(189 262 552 479)
4(258 548 552 262)
4(195 262 552 485)
4(195 258 548 485)
4(165 262 552 455)
4(262 552 550 260)
4(165 260 550 455)
4(263 553 515 225)
4(263 192 482 553)
4(260 550 553 263)
4(165 263 553 455)
4(263 190 480 553)
4(174 264 554 464)
4(209 499 554 264)
4(264 158 448 554)
4(264 554 516 226)
4(191 264 554 481)
4(226 191 481 516)
4(227 517 555 265)
4(189 265 555 479)
4(248 538 555 265)
4(265 118 408 555)
4(265 92 382 555)
4(227 517 556 266)
4(191 266 556 481)
4(266 556 553 263)
4(266 192 482 556)
4(165 266 556 455)
4(254 544 556 266)
4(266 226 516 556)
4(267 557 520 230)
4(268 193 483 558)
4(269 193 483 559)
4(269 166 456 559)
4(270 560 514 224)
4(270 167 457 560)
4(270 190 480 560)
4(270 560 519 229)
4(232 522 560 270)
4(270 194 484 560)
4(194 232 522 484)
4(271 167 457 561)
4(271 561 486 196)
4(230 271 561 520)
4(267 557 561 271)
4(195 271 561 485)
4(230 195 485 520)
4(272 196 486 562)
4(272 562 522 232)
4(273 198 488 563)
4(273 563 524 234)
4(273 563 527 237)
4(273 199 489 563)
4(169 273 563 459)
4(235 199 489 525)
4(235 525 563 273)
4(274 564 525 235)
4(274 199 489 564)
4(220 274 564 510)
4(274 564 523 233)
4(236 526 564 274)
4(274 197 487 564)
4(275 565 495 205)
4(275 134 424 565)
4(203 275 565 493)
4(133 275 565 423)
4(238 528 565 275)
4(276 203 493 566)
4(201 276 566 491)
4(276 566 528 238)
4(276 566 565 275)
4(277 567 494 204)
4(277 172 462 567)
4(277 567 533 243)
4(242 277 567 532)
4(243 242 532 533)
4(157 277 567 447)
4(278 568 533 243)
4(278 242 532 568)
4(279 569 507 217)
4(279 145 435 569)
4(279 569 568 278)
4(217 278 568 507)
4(243 279 569 533)
4(135 279 569 425)
4(280 570 539 249)
4(280 184 474 570)
4(210 280 570 500)
4(253 543 570 280)
4(212 280 570 502)
4(280 175 465 570)
4(280 570 542 252)
4(212 252 542 502)
4(162 280 570 452)
4(252 542 571 281)
4(212 281 571 502)
4(281 221 511 571)
4(247 537 571 281)
4(281 571 541 251)
4(208 281 571 498)
4(245 535 572 282)
4(206 282 572 496)
4(159 282 572 449)
4(256 546 572 282)
4(217 283 573 507)
4(278 568 573 283)
4(283 256 546 573)
4(283 573 572 282)
4(283 179 469 573)
4(258 548 574 284)
4(195 284 574 485)
4(284 110 400 574)
4(284 87 377 574)
4(284 574 520 230)
4(285 575 555 265)
4(285 92 382 575)
4(189 285 575 479)
4(285 575 549 259)
4(120 285 575 410)
4(286 576 559 269)
4(286 166 456 576)
4(286 155 445 576)
4(286 576 562 272)
4(232 286 576 522)
4(194 286 576 484)
4(271 561 577 287)
4(288 235 525 578)
4(288 578 563 273)
4(288 162 452 578)
4(234 288 578 524)
4(184 288 578 474)
4(288 578 570 280)
4(242 289 579 532)
4(246 536 579 289)
4(289 579 568 278)
4(289 579 573 283)
4(282 289 579 572)
4(206 289 579 496)
4(28 37 327 318)
4(29 319 356 66)
4(67 20 310 357)
4(8 9 299 298)
4(53 54 344 343)
4(58 59 349 348)
4(79 78 368 369)
4(19 18 308 309)
4(12 13 303 302)
4(69 68 358 359)
4(63 64 354 353)
4(37 38 328 327)
4(14 81 371 304)
4(65 66 356 355)
4(43 44 334 333)
4(7 8 298 297)
4(9 10 300 299)
4(4 5 295 294)
4(40 41 331 330)
4(52 53 343 342)
4(54 55 345 344)
4(57 58 348 347)
4(59 60 350 349)
4(47 48 338 337)
4(78 77 367 368)
4(80 79 369 370)
4(18 17 307 308)
4(11 12 302 301)
4(70 69 359 360)
4(68 67 357 358)
4(62 63 353 352)
4(64 65 355 354)
4(38 39 329 328)
4(81 80 370 371)
4(51 0 290 341)
4(15 14 304 305)
4(44 45 335 334)
4(74 73 363 364)
4(42 43 333 332)
4(6 7 297 296)
4(10 11 301 300)
4(5 6 296 295)
4(3 4 294 293)
4(41 42 332 331)
4(39 40 330 329)
4(13 52 342 303)
4(55 56 346 345)
4(56 57 347 346)
4(60 61 351 350)
4(48 49 339 338)
4(46 47 337 336)
4(76 75 365 366)
4(77 76 366 367)
4(17 16 306 307)
4(72 71 361 362)
4(71 70 360 361)
4(61 62 352 351)
4(0 1 291 290)
4(50 51 341 340)
4(16 15 305 306)
4(45 46 336 335)
4(73 72 362 363)
4(75 74 364 365)
4(2 3 293 292)
4(49 50 340 339)
4(1 2 292 291)
4(27 28 318 317)
4(21 311 310 20)
4(24 25 315 314)
4(26 27 317 316)
4(23 24 314 313)
4(25 26 316 315)
4(21 22 312 311)
4(22 23 313 312)
4(29 30 320 319)
4(30 31 321 320)
4(35 36 326 325)
4(33 34 324 323)
4(31 32 322 321)
4(32 33 323 322)
4(34 35 325 324)
3(27 37 28)
3(317 318 327)
3(29 66 30)
3(319 320 356)
3(21 20 67)
3(311 357 310)
3(82 9 8)
3(372 298 299)
3(83 25 24)
3(373 314 315)
3(84 54 53)
3(374 343 344)
3(85 59 58)
3(375 348 349)
3(86 78 79)
3(376 369 368)
3(87 18 19)
3(377 309 308)
3(88 13 12)
3(378 302 303)
3(89 68 69)
3(379 359 358)
3(90 64 63)
3(380 353 354)
3(91 27 26)
3(381 316 317)
3(27 91 37)
3(317 327 381)
3(91 38 37)
3(381 327 328)
3(92 81 14)
3(382 304 371)
3(93 66 65)
3(383 355 356)
3(93 31 30)
3(383 320 321)
3(66 93 30)
3(356 320 383)
3(94 36 35)
3(384 325 326)
3(95 44 43)
3(385 333 334)
3(96 82 8)
3(386 298 372)
3(96 8 7)
3(386 297 298)
3(82 97 9)
3(372 299 387)
3(97 10 9)
3(387 299 300)
3(98 5 4)
3(388 294 295)
3(99 41 40)
3(389 330 331)
3(100 83 24)
3(390 314 373)
3(100 24 23)
3(390 313 314)
3(101 91 26)
3(391 316 381)
3(83 101 25)
3(373 315 391)
3(101 26 25)
3(391 315 316)
3(102 84 53)
3(392 343 374)
3(102 53 52)
3(392 342 343)
3(84 103 54)
3(374 344 393)
3(103 55 54)
3(393 344 345)
3(104 85 58)
3(394 348 375)
3(104 58 57)
3(394 347 348)
3(85 105 59)
3(375 349 395)
3(105 60 59)
3(395 349 350)
3(106 48 47)
3(396 337 338)
3(86 107 78)
3(376 368 397)
3(107 77 78)
3(397 368 367)
3(108 86 79)
3(398 369 376)
3(108 79 80)
3(398 370 369)
3(109 34 33)
3(399 323 324)
3(87 110 18)
3(377 308 400)
3(110 17 18)
3(400 308 307)
3(112 88 12)
3(402 302 378)
3(112 12 11)
3(402 301 302)
3(113 89 69)
3(403 359 379)
3(113 69 70)
3(403 360 359)
3(114 22 21)
3(404 311 312)
3(114 21 67)
3(404 357 311)
3(89 114 68)
3(379 358 404)
3(114 67 68)
3(404 358 357)
3(115 90 63)
3(405 353 380)
3(115 63 62)
3(405 352 353)
3(116 93 65)
3(406 355 383)
3(90 116 64)
3(380 354 406)
3(116 65 64)
3(406 354 355)
3(91 117 38)
3(381 328 407)
3(117 39 38)
3(407 328 329)
3(118 108 80)
3(408 370 398)
3(92 118 81)
3(382 371 408)
3(118 80 81)
3(408 371 370)
3(119 0 51)
3(409 341 290)
3(120 92 14)
3(410 304 382)
3(120 14 15)
3(410 305 304)
3(93 121 31)
3(383 321 411)
3(121 32 31)
3(411 321 322)
3(95 122 44)
3(385 334 412)
3(122 45 44)
3(412 334 335)
3(123 73 74)
3(413 364 363)
3(124 95 43)
3(414 333 385)
3(124 43 42)
3(414 332 333)
3(125 96 7)
3(415 297 386)
3(125 7 6)
3(415 296 297)
3(126 112 11)
3(416 301 402)
3(97 126 10)
3(387 300 416)
3(126 11 10)
3(416 300 301)
3(127 125 6)
3(417 296 415)
3(98 127 5)
3(388 295 417)
3(127 6 5)
3(417 295 296)
3(128 98 4)
3(418 294 388)
3(128 4 3)
3(418 293 294)
3(129 124 42)
3(419 332 414)
3(99 129 41)
3(389 331 419)
3(129 42 41)
3(419 331 332)
3(117 130 39)
3(407 329 420)
3(130 99 40)
3(420 330 389)
3(130 40 39)
3(420 329 330)
3(114 131 22)
3(404 312 421)
3(131 100 23)
3(421 313 390)
3(131 23 22)
3(421 312 313)
3(88 132 13)
3(378 303 422)
3(132 102 52)
3(422 342 392)
3(132 52 13)
3(422 303 342)
3(103 133 55)
3(393 345 423)
3(133 56 55)
3(423 345 346)
3(133 134 56)
3(423 346 424)
3(134 104 57)
3(424 347 394)
3(134 57 56)
3(424 346 347)
3(105 135 60)
3(395 350 425)
3(135 61 60)
3(425 350 351)
3(106 136 48)
3(396 338 426)
3(136 49 48)
3(426 338 339)
3(137 106 47)
3(427 337 396)
3(137 47 46)
3(427 336 337)
3(138 75 76)
3(428 366 365)
3(139 138 76)
3(429 366 428)
3(107 139 77)
3(397 367 429)
3(139 76 77)
3(429 367 366)
3(121 140 32)
3(411 322 430)
3(140 109 33)
3(430 323 399)
3(140 33 32)
3(430 322 323)
3(141 94 35)
3(431 325 384)
3(109 141 34)
3(399 324 431)
3(141 35 34)
3(431 324 325)
3(110 142 17)
3(400 307 432)
3(142 16 17)
3(432 307 306)
3(143 71 72)
3(433 362 361)
3(143 144 71)
3(433 361 434)
3(144 113 70)
3(434 360 403)
3(144 70 71)
3(434 361 360)
3(135 145 61)
3(425 351 435)
3(145 115 62)
3(435 352 405)
3(145 62 61)
3(435 351 352)
3(119 146 0)
3(409 290 436)
3(146 1 0)
3(436 290 291)
3(147 119 51)
3(437 341 409)
3(147 51 50)
3(437 340 341)
3(142 148 16)
3(432 306 438)
3(148 120 15)
3(438 305 410)
3(148 15 16)
3(438 306 305)
3(149 137 46)
3(439 336 427)
3(122 149 45)
3(412 335 439)
3(149 46 45)
3(439 335 336)
3(150 143 72)
3(440 362 433)
3(123 150 73)
3(413 363 440)
3(150 72 73)
3(440 363 362)
3(138 151 75)
3(428 365 441)
3(151 123 74)
3(441 364 413)
3(151 74 75)
3(441 365 364)
3(152 128 3)
3(442 293 418)
3(152 3 2)
3(442 292 293)
3(153 147 50)
3(443 340 437)
3(136 153 49)
3(426 339 443)
3(153 50 49)
3(443 339 340)
3(146 154 1)
3(436 291 444)
3(154 152 2)
3(444 292 442)
3(154 2 1)
3(444 291 292)
3(160 117 91)
3(450 381 407)
3(101 160 91)
3(391 381 450)
3(161 121 93)
3(451 383 411)
3(116 161 93)
3(406 383 451)
3(163 131 114)
3(453 404 421)
3(163 114 89)
3(453 379 404)
3(141 164 94)
3(431 384 454)
3(128 166 98)
3(418 388 456)
3(144 168 113)
3(434 403 458)
3(169 129 99)
3(459 389 419)
3(100 170 83)
3(390 373 460)
3(102 171 84)
3(392 374 461)
3(104 172 85)
3(394 375 462)
3(174 107 86)
3(464 376 397)
3(137 175 106)
3(427 396 465)
3(176 153 136)
3(466 426 443)
3(140 177 109)
3(430 399 467)
3(115 179 90)
3(405 380 469)
3(160 180 117)
3(450 407 470)
3(180 130 117)
3(470 407 420)
3(170 181 83)
3(460 373 471)
3(181 160 101)
3(471 391 450)
3(181 101 83)
3(471 373 391)
3(182 177 140)
3(472 430 467)
3(161 182 121)
3(451 411 472)
3(182 140 121)
3(472 411 430)
3(179 183 90)
3(469 380 473)
3(183 161 116)
3(473 406 451)
3(183 116 90)
3(473 380 406)
3(184 122 95)
3(474 385 412)
3(151 185 123)
3(441 413 475)
3(186 170 100)
3(476 390 460)
3(163 186 131)
3(453 421 476)
3(131 186 100)
3(421 390 476)
3(168 187 113)
3(458 403 477)
3(187 163 89)
3(477 379 453)
3(113 187 89)
3(403 379 477)
3(190 154 146)
3(480 436 444)
3(147 192 119)
3(437 409 482)
3(166 193 98)
3(456 388 483)
3(193 127 98)
3(483 388 417)
3(194 166 128)
3(484 418 456)
3(152 194 128)
3(442 418 484)
3(197 168 144)
3(487 434 458)
3(197 144 143)
3(487 433 434)
3(169 198 129)
3(459 419 488)
3(129 198 124)
3(419 414 488)
3(170 200 156)
3(460 446 490)
3(200 168 156)
3(490 446 458)
3(186 200 170)
3(476 460 490)
3(200 187 168)
3(490 458 477)
3(187 200 163)
3(477 453 490)
3(200 186 163)
3(490 453 476)
3(171 201 84)
3(461 374 491)
3(201 103 84)
3(491 374 393)
3(202 171 102)
3(492 392 461)
3(132 202 102)
3(422 392 492)
3(172 204 85)
3(462 375 494)
3(204 105 85)
3(494 375 395)
3(205 172 104)
3(495 394 462)
3(134 205 104)
3(424 394 495)
3(174 208 107)
3(464 397 498)
3(208 139 107)
3(498 397 429)
3(209 174 86)
3(499 376 464)
3(108 209 86)
3(398 376 499)
3(210 175 137)
3(500 427 465)
3(149 210 137)
3(439 427 500)
3(211 176 136)
3(501 426 466)
3(175 211 106)
3(465 396 501)
3(211 136 106)
3(501 396 426)
3(213 192 147)
3(503 437 482)
3(176 213 153)
3(466 443 503)
3(153 213 147)
3(443 437 503)
3(214 164 141)
3(504 431 454)
3(177 214 109)
3(467 399 504)
3(214 141 109)
3(504 399 431)
3(177 216 159)
3(467 449 506)
3(182 216 177)
3(472 467 506)
3(216 183 179)
3(506 469 473)
3(183 216 161)
3(473 451 506)
3(216 182 161)
3(506 451 472)
3(217 179 115)
3(507 405 469)
3(145 217 115)
3(435 405 507)
3(218 169 99)
3(508 389 459)
3(180 218 130)
3(470 420 508)
3(130 218 99)
3(420 389 508)
3(219 170 156)
3(509 446 460)
3(219 181 170)
3(509 460 471)
3(181 219 160)
3(471 450 509)
3(219 180 160)
3(509 450 470)
3(219 218 180)
3(509 470 508)
3(185 220 123)
3(475 413 510)
3(220 150 123)
3(510 413 440)
3(221 185 151)
3(511 441 475)
3(221 151 138)
3(511 428 441)
3(125 222 96)
3(415 386 512)
3(223 148 142)
3(513 432 438)
3(192 225 119)
3(482 409 515)
3(225 190 146)
3(515 436 480)
3(225 146 119)
3(515 409 436)
3(227 189 165)
3(517 455 479)
3(127 228 125)
3(417 415 518)
3(228 222 125)
3(518 415 512)
3(193 228 127)
3(483 417 518)
3(190 229 154)
3(480 444 519)
3(229 194 152)
3(519 442 484)
3(154 229 152)
3(444 442 519)
3(111 230 87)
3(401 377 520)
3(196 232 167)
3(486 457 522)
3(220 233 150)
3(510 440 523)
3(233 197 143)
3(523 433 487)
3(150 233 143)
3(440 433 523)
3(234 184 95)
3(524 385 474)
3(198 234 124)
3(488 414 524)
3(124 234 95)
3(414 385 524)
3(235 185 162)
3(525 452 475)
3(235 220 185)
3(525 475 510)
3(168 236 156)
3(458 446 526)
3(197 236 168)
3(487 458 526)
3(237 236 199)
3(527 489 526)
3(236 237 156)
3(526 446 527)
3(201 238 103)
3(491 393 528)
3(238 133 103)
3(528 393 423)
3(240 202 132)
3(530 422 492)
3(240 132 88)
3(530 378 422)
3(172 241 157)
3(462 447 531)
3(241 205 203)
3(531 493 495)
3(205 241 172)
3(495 462 531)
3(207 242 157)
3(497 447 532)
3(204 243 105)
3(494 395 533)
3(243 135 105)
3(533 395 425)
3(244 241 203)
3(534 493 531)
3(245 178 159)
3(535 449 468)
3(245 215 178)
3(535 468 505)
3(215 245 206)
3(505 496 535)
3(246 242 173)
3(536 463 532)
3(247 221 138)
3(537 428 511)
3(208 247 139)
3(498 429 537)
3(139 247 138)
3(429 428 537)
3(209 248 191)
3(499 481 538)
3(248 209 108)
3(538 398 499)
3(118 248 108)
3(408 398 538)
3(248 227 191)
3(538 481 517)
3(184 249 122)
3(474 412 539)
3(249 210 149)
3(539 439 500)
3(249 149 122)
3(539 412 439)
3(211 250 176)
3(501 466 540)
3(250 211 175)
3(540 465 501)
3(250 226 176)
3(540 466 516)
3(226 250 158)
3(516 448 540)
3(251 174 158)
3(541 448 464)
3(251 208 174)
3(541 464 498)
3(185 252 162)
3(475 452 542)
3(221 252 185)
3(511 475 542)
3(253 251 158)
3(543 448 541)
3(251 253 212)
3(541 502 543)
3(253 250 175)
3(543 465 540)
3(250 253 158)
3(540 448 543)
3(226 254 176)
3(516 466 544)
3(254 213 176)
3(544 466 503)
3(213 254 192)
3(503 482 544)
3(178 255 159)
3(468 449 545)
3(255 214 177)
3(545 467 504)
3(255 177 159)
3(545 449 467)
3(188 255 178)
3(478 468 545)
3(214 255 164)
3(504 454 545)
3(255 188 164)
3(545 454 478)
3(256 216 179)
3(546 469 506)
3(216 256 159)
3(506 449 546)
3(257 219 156)
3(547 446 509)
3(219 257 218)
3(509 508 547)
3(218 257 169)
3(508 459 547)
3(257 237 169)
3(547 459 527)
3(237 257 156)
3(527 446 547)
3(258 223 142)
3(548 432 513)
3(258 142 110)
3(548 400 432)
3(259 223 189)
3(549 479 513)
3(223 259 148)
3(513 438 549)
3(148 259 120)
3(438 410 549)
3(260 224 190)
3(550 480 514)
3(224 261 167)
3(514 457 551)
3(261 195 167)
3(551 457 485)
3(262 261 224)
3(552 514 551)
3(223 262 189)
3(513 479 552)
3(258 262 223)
3(548 513 552)
3(261 262 195)
3(551 485 552)
3(262 258 195)
3(552 485 548)
3(189 262 165)
3(479 455 552)
3(262 260 165)
3(552 455 550)
3(260 262 224)
3(550 514 552)
3(263 225 192)
3(553 482 515)
3(260 263 165)
3(550 455 553)
3(263 260 190)
3(553 480 550)
3(225 263 190)
3(515 480 553)
3(209 264 174)
3(499 464 554)
3(264 226 158)
3(554 448 516)
3(174 264 158)
3(464 448 554)
3(226 264 191)
3(516 481 554)
3(264 209 191)
3(554 481 499)
3(227 265 189)
3(517 479 555)
3(248 265 227)
3(538 517 555)
3(265 248 118)
3(555 408 538)
3(265 118 92)
3(555 382 408)
3(227 266 191)
3(517 481 556)
3(266 263 192)
3(556 482 553)
3(263 266 165)
3(553 455 556)
3(266 227 165)
3(556 455 517)
3(254 266 192)
3(544 482 556)
3(266 254 226)
3(556 516 544)
3(266 226 191)
3(556 481 516)
3(267 230 111)
3(557 401 520)
3(268 228 193)
3(558 483 518)
3(269 268 193)
3(559 483 558)
3(269 193 166)
3(559 456 483)
3(270 224 167)
3(560 457 514)
3(270 229 190)
3(560 480 519)
3(224 270 190)
3(514 480 560)
3(232 270 167)
3(522 457 560)
3(270 232 194)
3(560 484 522)
3(229 270 194)
3(519 484 560)
3(271 196 167)
3(561 457 486)
3(267 271 230)
3(557 520 561)
3(230 271 195)
3(520 485 561)
3(195 271 167)
3(485 457 561)
3(272 232 196)
3(562 486 522)
3(231 272 196)
3(521 486 562)
3(273 234 198)
3(563 488 524)
3(273 237 199)
3(563 489 527)
3(237 273 169)
3(527 459 563)
3(273 198 169)
3(563 459 488)
3(235 273 199)
3(525 489 563)
3(274 235 199)
3(564 489 525)
3(235 274 220)
3(525 510 564)
3(274 233 220)
3(564 510 523)
3(236 274 199)
3(526 489 564)
3(274 236 197)
3(564 487 526)
3(233 274 197)
3(523 487 564)
3(275 205 134)
3(565 424 495)
3(205 275 203)
3(495 493 565)
3(238 275 133)
3(528 423 565)
3(275 134 133)
3(565 423 424)
3(276 244 203)
3(566 493 534)
3(239 276 201)
3(529 491 566)
3(276 238 201)
3(566 491 528)
3(276 275 238)
3(566 528 565)
3(275 276 203)
3(565 493 566)
3(277 204 172)
3(567 462 494)
3(277 243 204)
3(567 494 533)
3(243 277 242)
3(533 532 567)
3(242 277 157)
3(532 447 567)
3(277 172 157)
3(567 447 462)
3(278 243 242)
3(568 532 533)
3(279 217 145)
3(569 435 507)
3(279 278 217)
3(569 507 568)
3(278 279 243)
3(568 533 569)
3(243 279 135)
3(533 425 569)
3(279 145 135)
3(569 425 435)
3(280 249 184)
3(570 474 539)
3(249 280 210)
3(539 500 570)
3(253 280 212)
3(543 502 570)
3(280 253 175)
3(570 465 543)
3(210 280 175)
3(500 465 570)
3(280 252 212)
3(570 502 542)
3(252 280 162)
3(542 452 570)
3(252 281 212)
3(542 502 571)
3(281 252 221)
3(571 511 542)
3(247 281 221)
3(537 511 571)
3(281 251 212)
3(571 502 541)
3(251 281 208)
3(541 498 571)
3(281 247 208)
3(571 498 537)
3(245 282 206)
3(535 496 572)
3(256 282 159)
3(546 449 572)
3(282 245 159)
3(572 449 535)
3(278 283 217)
3(568 507 573)
3(283 282 256)
3(573 546 572)
3(283 256 179)
3(573 469 546)
3(217 283 179)
3(507 469 573)
3(258 284 195)
3(548 485 574)
3(284 258 110)
3(574 400 548)
3(284 110 87)
3(574 377 400)
3(284 230 195)
3(574 485 520)
3(230 284 87)
3(520 377 574)
3(285 265 92)
3(575 382 555)
3(265 285 189)
3(555 479 575)
3(285 259 189)
3(575 479 549)
3(259 285 120)
3(549 410 575)
3(120 285 92)
3(410 382 575)
3(286 269 166)
3(576 456 559)
3(286 272 155)
3(576 445 562)
3(269 286 155)
3(559 445 576)
3(272 286 232)
3(562 522 576)
3(232 286 194)
3(522 484 576)
3(194 286 166)
3(484 456 576)
3(271 287 196)
3(561 486 577)
3(287 271 267)
3(577 557 561)
3(288 273 235)
3(578 525 563)
3(288 235 162)
3(578 452 525)
3(273 288 234)
3(563 524 578)
3(234 288 184)
3(524 474 578)
3(288 280 184)
3(578 474 570)
3(280 288 162)
3(570 452 578)
3(246 289 242)
3(536 532 579)
3(289 278 242)
3(579 532 568)
3(289 283 278)
3(579 568 573)
3(283 289 282)
3(573 572 579)
3(282 289 206)
3(572 496 579)
3(289 246 206)
3(579 496 536)
4(87 19 309 377)
4(94 384 326 36)
4(96 386 372 82)
4(82 372 387 97)
4(111 87 377 401)
4(112 402 378 88)
4(126 416 402 112)
4(97 387 416 126)
4(94 164 454 384)
4(188 178 468 478)
4(164 188 478 454)
4(171 461 491 201)
4(202 492 461 171)
4(157 447 497 207)
4(178 215 505 468)
4(222 512 386 96)
4(228 518 512 222)
4(88 378 530 240)
4(240 530 492 202)
4(157 241 531 447)
4(242 207 497 532)
4(242 532 463 173)
4(244 534 531 241)
4(215 206 496 505)
4(246 173 463 536)
4(246 536 496 206)
4(267 111 401 557)
4(268 558 518 228)
4(155 445 559 269)
4(268 269 559 558)
4(272 231 521 562)
4(272 562 445 155)
4(231 196 486 521)
4(201 491 529 239)
4(276 566 534 244)
4(239 529 566 276)
4(287 577 486 196)
4(287 267 557 577)
)


// ************************************************************************* //
