/*--------------------------------*- C++ -*----------------------------------*\
| =========                 |                                                 |
| \\      /  F ield         | OpenFOAM: The Open Source CFD Toolbox           |
|  \\    /   O peration     | Version:  2412                                  |
|   \\  /    A nd           | Website:  www.openfoam.com                      |
|    \\/     M anipulation  |                                                 |
\*---------------------------------------------------------------------------*/
FoamFile
{
    version     2.0;
    format      ascii;
    arch        "LSB;label=32;scalar=64";
    note        "nPoints:580  nCells:459  nFaces:1666  nInternalFaces:629";
    class       labelList;
    location    "constant/polyMesh";
    object      neighbour;
}
// * * * * * * * * * * * * * * * * * * * * * * * * * * * * * * * * * * * * * //


629
(
13
18
53
21
23
27
30
32
34
36
38
41
43
46
48
95
50
54
56
59
13
29
14
61
64
67
18
58
18
69
116
71
74
22
76
24
79
82
84
87
90
28
162
93
31
153
31
174
33
163
96
35
206
98
37
164
101
39
210
103
105
107
42
165
111
44
216
63
114
117
47
431
119
49
78
51
188
123
53
92
55
55
157
57
169
126
60
155
60
180
62
152
89
65
293
65
354
128
130
68
438
133
70
154
113
72
181
136
139
142
75
266
86
77
247
81
80
80
83
253
83
192
85
159
144
88
198
88
161
91
171
91
237
94
156
94
185
97
276
97
208
99
274
100
102
392
102
212
104
282
125
106
221
147
108
166
135
110
141
112
290
112
214
115
177
115
168
118
158
118
227
120
327
132
122
138
124
196
124
160
127
408
127
234
129
251
149
131
190
146
134
248
134
330
137
218
137
297
140
263
140
244
143
246
143
182
145
194
150
148
224
148
167
151
189
151
258
153
170
173
155
176
179
157
184
187
225
191
193
186
195
197
235
172
183
205
207
209
211
213
215
217
220
219
223
175
226
178
233
171
241
236
174
239
174
240
177
229
177
232
180
230
180
231
264
295
243
245
185
201
185
204
188
202
188
203
250
256
222
249
192
365
255
194
444
257
196
270
262
198
381
265
200
201
238
202
269
204
203
204
206
273
208
275
210
398
281
212
279
389
214
303
289
216
346
292
218
413
296
221
298
221
299
224
312
224
311
227
317
227
314
229
315
320
232
231
319
232
234
428
404
237
323
237
242
239
321
240
241
242
322
244
268
261
246
305
288
254
326
329
251
342
251
345
339
351
358
254
255
363
258
367
258
371
362
433
369
372
376
263
385
263
388
266
450
266
378
268
304
448
384
270
272
387
272
379
386
325
274
395
391
276
279
402
279
283
390
401
282
399
407
393
285
313
424
286
422
453
290
418
290
421
292
294
350
293
353
352
355
297
409
297
410
299
300
308
301
310
309
347
303
306
348
420
305
415
417
307
309
411
419
309
412
311
360
312
359
315
316
315
317
318
318
320
427
423
322
325
323
324
325
380
327
336
430
329
335
436
330
437
341
344
368
333
334
366
337
375
337
341
336
339
338
338
429
340
341
343
345
356
344
357
345
348
350
348
349
350
361
352
435
353
354
434
358
361
357
359
358
360
361
373
364
365
439
368
369
368
371
370
371
443
375
445
374
446
375
432
377
442
381
449
380
382
381
383
447
384
386
385
388
387
388
390
392
397
392
396
397
395
396
397
399
402
400
401
403
402
406
454
405
408
406
425
407
408
410
451
413
412
414
413
415
416
452
417
419
418
421
420
421
424
457
424
426
428
455
427
456
428
430
432
431
433
433
435
438
436
437
438
441
444
441
442
443
444
446
448
449
452
450
451
452
454
458
455
456
457
458
)


// ************************************************************************* //
