/*--------------------------------*- C++ -*----------------------------------*\
| =========                 |                                                 |
| \\      /  F ield         | OpenFOAM: The Open Source CFD Toolbox           |
|  \\    /   O peration     | Version:  2412                                  |
|   \\  /    A nd           | Website:  www.openfoam.com                      |
|    \\/     M anipulation  |                                                 |
\*---------------------------------------------------------------------------*/
FoamFile
{
    version     2.0;
    format      ascii;
    arch        "LSB;label=32;scalar=64";
    class       vectorField;
    location    "constant/polyMesh";
    object      points;
}
// * * * * * * * * * * * * * * * * * * * * * * * * * * * * * * * * * * * * * //


580
(
(18.05638171 30.86421287 -1.498931795)
(19.31876201 32.16720274 -2.20432147)
(20.4958081 33.60264477 -2.73470438)
(21.57648282 35.15262784 -3.087676909)
(22.54974623 36.79924877 -3.260827654)
(23.40456739 38.52460759 -3.251753737)
(24.12990362 40.31078969 -3.058047154)
(24.71309309 42.13411632 -2.678758224)
(25.13723046 43.94172507 -2.124886477)
(25.39959061 45.70920996 -1.407376008)
(25.49953039 47.41793628 -0.5362429291)
(25.43638935 49.04925113 0.4785061392)
(25.20952131 50.58451869 1.626857928)
(24.81827389 52.00509199 2.898799905)
(21.92589791 19.77820807 -12.36757209)
(23.00333533 20.83581777 -13.00107842)
(24.10277856 21.9980936 -13.59956585)
(25.20708307 23.25635356 -14.14825013)
(26.29825099 24.59711607 -14.63413272)
(27.35857529 26.00256004 -15.0470563)
(0.6630811278 -0.3315405639 0.5742451015)
(0.1793916025 1.054210036 1.932825139)
(-0.3042979228 2.439960636 3.291405176)
(-0.7879874481 3.825711236 4.649985213)
(-1.271676973 5.211461836 6.00856525)
(-1.755366499 6.597212436 7.367145288)
(-2.239056024 7.982963036 8.725725325)
(-2.722745549 9.368713636 10.08430536)
(-3.206435075 10.75446424 11.4428854)
(17.07924149 74.17710159 24.6360805)
(18.40816754 75.43396088 23.82721693)
(19.73709359 76.69082017 23.01835335)
(21.06601964 77.94767946 22.20948978)
(22.39494568 79.20453875 21.4006262)
(23.72387173 80.46139804 20.59176263)
(25.05279778 81.71825733 19.78289905)
(26.38172383 82.97511662 18.97403548)
(-1.877509026 12.01132353 10.63402182)
(-0.548582977 13.26818282 9.82515825)
(0.7803430718 14.52504211 9.016294675)
(2.109269121 15.7819014 8.207431101)
(3.438195169 17.03876069 7.398567526)
(4.767121218 18.29561998 6.589703951)
(6.096047267 19.55247927 5.780840377)
(7.424973316 20.80933856 4.971976802)
(8.753899364 22.06619785 4.163113227)
(10.08282541 23.32305713 3.354249653)
(11.41175146 24.57991642 2.545386078)
(12.74067751 25.83677571 1.736522503)
(14.06960356 27.093635 0.9276589287)
(15.39852961 28.35049429 0.118795354)
(16.72745566 29.60735358 -0.6900682207)
(24.33458437 53.39084259 4.257379942)
(23.85089484 54.77659319 5.61595998)
(23.36720532 56.16234379 6.974540017)
(22.88351579 57.54809439 8.333120054)
(22.39982627 58.93384499 9.691700091)
(21.91613674 60.31959559 11.05028013)
(21.43244722 61.70534619 12.40886017)
(20.94875769 63.09109679 13.7674402)
(20.46506817 64.47684739 15.12602024)
(19.98137864 65.86259799 16.48460028)
(19.49768912 67.24834859 17.84318031)
(19.01399959 68.63409919 19.20176035)
(18.53031006 70.01984979 20.56034039)
(18.04662054 71.40560039 21.91892043)
(17.56293101 72.79135099 23.27750046)
(1.992007177 0.9253187259 -0.2346184732)
(3.320933225 2.182178016 -1.043482048)
(4.649859274 3.439037306 -1.852345623)
(5.978785323 4.695896595 -2.661209197)
(7.307711372 5.952755885 -3.470072772)
(8.63663742 7.209615175 -4.278936347)
(9.965563469 8.466474465 -5.087799921)
(11.29448952 9.723333755 -5.896663496)
(12.62341557 10.98019304 -6.705527071)
(13.95234162 12.23705233 -7.514390645)
(15.28126766 13.49391162 -8.32325422)
(16.61019371 14.75077091 -9.132117795)
(17.93911976 16.0076302 -9.940981369)
(19.26804581 17.26448949 -10.74984494)
(20.59697186 18.52134878 -11.55870852)
(26.42545278 45.12571367 -2.928821341)
(-0.3626380177 6.992809211 5.987358865)
(24.7599338 56.55794057 5.594753593)
(22.34148617 63.48669357 12.38765378)
(16.85576932 16.57929578 -8.359984756)
(26.20949543 26.11502295 -13.65528268)
(26.15672146 52.28119782 1.512703555)
(3.566508833 4.010702884 -0.2713490096)
(19.92303855 70.41544657 19.18055397)
(-0.7941585844 11.43965795 9.05302521)
(20.84254747 20.34987365 -10.78657548)
(19.49151798 74.8622953 22.24622031)
(27.31005005 81.35443417 16.96639524)
(7.179397708 18.98081369 4.199843762)
(26.05337897 43.15216368 -3.638617138)
(26.62247841 47.04402993 -2.048786542)
(23.8949448 37.21414742 -4.57458733)
(3.192619562 15.21023582 6.626434486)
(0.1210515076 5.607058611 4.628778828)
(-0.846327543 8.378559811 7.345938902)
(25.24362333 55.17218997 4.236173556)
(24.27624427 57.94369117 6.953333631)
(22.8251757 62.10094297 11.02907374)
(21.85779665 64.87244417 13.74623382)
(12.4951019 24.00825085 0.9643894637)
(15.52684327 15.32243649 -7.551121182)
(18.18469537 17.83615507 -9.168848331)
(23.47829613 78.63287317 19.81962959)
(25.19039088 24.8029551 -13.23604484)
(27.19889271 27.4685861 -14.0162602)
(26.4887634 50.64041883 0.1819903589)
(4.895434882 5.267562174 -1.080212584)
(1.088430558 2.83555741 1.911618753)
(20.40672807 69.02969597 17.82197393)
(19.43934902 71.80119717 20.539134)
(0.5347674644 12.69651724 8.244161636)
(19.51362142 19.09301436 -9.977711906)
(17.8108061 29.035688 -2.271064835)
(22.09770529 21.26635222 -11.70677775)
(20.82044403 76.11915459 21.43735674)
(8.508323757 20.23767298 3.390980188)
(10.21113908 10.29499933 -4.315666883)
(5.85047166 17.7239544 5.008707337)
(25.50459637 41.14543617 -4.163522236)
(26.6437974 48.88848366 -1.00850773)
(24.7738119 39.15165159 -4.470797082)
(22.88335077 35.35375469 -4.480597392)
(4.521545611 16.46709511 5.817570912)
(1.863693513 13.95337653 7.435298061)
(0.6047410328 4.22130801 3.270198791)
(25.72731285 53.78643937 2.877593519)
(23.79255475 59.32944177 8.311913668)
(23.30886522 60.71519237 9.670493705)
(21.37410712 66.25819477 15.10481385)
(13.82402795 25.26511013 0.155525889)
(11.16617585 22.75139156 1.773253038)
(12.86899117 12.80871791 -5.933394032)
(14.19791722 14.0655772 -6.742257607)
(22.14937008 77.37601388 20.62849316)
(24.80722217 79.88973246 19.01076601)
(24.15563727 23.54886862 -12.76526146)
(7.55328698 7.781280753 -2.697939734)
(6.224360931 6.524421464 -1.889076159)
(20.8904176 67.64394537 16.46339389)
(19.16260599 30.41426836 -3.036065156)
(16.48188005 27.77882871 -1.46220126)
(23.11991571 22.36652071 -12.25194209)
(9.837249806 21.49453227 2.582116613)
(8.882213028 9.038140043 -3.506803308)
(11.54006513 11.55185862 -5.124530458)
(21.7500728 33.58837135 -4.191245259)
(15.152954 26.52196942 -0.6533376856)
(20.50614722 31.93590893 -3.708933347)
(27.00554028 34.57974272 -9.687367868)
(4.044027222 10.238899 2.773110952)
(26.72937977 66.71502968 9.184831409)
(14.67543561 20.29377331 -3.697797646)
(24.70489912 74.61812254 16.08535309)
(0.4187960736 10.49668162 7.107998176)
(20.70447264 73.91931897 20.30119328)
(9.359731417 15.26633616 -0.4623433469)
(2.353554175 4.953679216 1.673678027)
(26.12911454 79.41677763 17.21131559)
(20.63330664 25.84319263 -7.373395793)
(25.05126821 35.25313716 -7.041984386)
(24.43221986 29.58173082 -9.60155691)
(4.82125474 8.012174115 0.5900457085)
(4.672894458 13.501398 3.930562293)
(1.908612165 8.21928605 4.07285179)
(27.03746141 57.79035442 3.676425701)
(24.60311055 64.7040666 10.47900555)
(27.80987937 70.28113361 9.996069001)
(15.45266313 18.06704843 -5.880862889)
(12.64645075 21.04255374 -0.9226191554)
(15.30430285 23.55627232 -2.540346305)
(23.48514212 76.08117079 18.33849845)
(26.60767982 76.38557334 14.90864938)
(22.4868865 71.9186538 17.08795445)
(1.633430128 12.08098277 6.620156277)
(0.5884709266 8.813945147 5.940546178)
(21.91910669 75.50362013 19.81335138)
(20.87414749 72.2365825 19.13374128)
(8.582503899 17.49306103 1.720721894)
(10.13695894 13.03961127 -2.64540859)
(1.555849977 6.042443946 3.223386103)
(3.796772217 5.883096643 0.5437927776)
(26.83807884 78.35131533 15.77752918)
(21.6559869 23.82019844 -9.722261484)
(20.94830719 29.09057037 -5.862252683)
(18.01426237 21.99719394 -6.569672345)
(18.05998149 25.78972188 -4.432847204)
(25.68643451 37.66911953 -6.380543183)
(23.40338494 33.47340873 -6.166699381)
(24.58311975 27.02793751 -11.25023434)
(26.48510237 31.66694062 -10.768125)
(6.40072603 8.551231594 -0.9225456591)
(5.701455703 15.6187901 3.965358967)
(6.853141131 12.31925871 0.7305218467)
(3.364933452 8.115730083 2.331448749)
(25.86125946 58.52114707 5.456510063)
(26.82863851 55.74964587 2.739349989)
(26.10965283 62.44249018 7.433678603)
(23.43742178 65.44480231 12.25269096)
(24.40480083 62.67330111 9.535530885)
(26.75248748 72.93661133 12.75018076)
(27.93394433 68.47440966 8.80969856)
(14.37428232 16.09238733 -5.775727107)
(17.03213442 18.60610591 -7.393454256)
(11.0171599 20.64622726 0.7299046688)
(13.675012 23.15994584 -0.8878224805)
(12.16884533 17.34669586 -2.504932452)
(16.33286409 25.67366442 -2.50554963)
(24.69476149 77.91410469 17.9999952)
(27.60860474 75.53825649 13.26368222)
(23.12820009 74.01288779 17.55653586)
(22.09478793 69.7046085 16.26243123)
(3.163562425 13.27381398 5.541993108)
(2.501114685 10.59053533 4.757730222)
(9.058578127 11.06495017 -2.540272808)
(11.71643022 13.57866875 -4.157999958)
(27.35970851 42.18803123 -5.703678692)
(23.03459339 24.06635558 -11.17202025)
(22.41087849 28.02917764 -8.163879934)
(19.13463019 28.1792486 -4.294150747)
(16.33788422 22.16770213 -4.535514642)
(19.83493817 23.38408091 -7.87128811)
(26.41246482 39.92805972 -5.914691049)
(21.9814837 31.41165279 -5.715184598)
(25.97771309 27.68390461 -12.48184925)
(27.40891068 33.25984158 -10.91518516)
(24.77943758 32.2601785 -8.456086902)
(7.793955688 9.623863685 -1.91202427)
(7.086955203 17.0766427 3.207213541)
(8.553877327 13.02328105 -0.8268516654)
(5.80183015 10.18078559 0.7098231717)
(5.31548023 12.04243798 2.346237196)
(25.199047 59.73805591 6.923749796)
(27.65649687 61.10031652 4.872632635)
(27.44345212 54.18489787 1.126016701)
(26.09134363 64.49165848 8.637908112)
(25.2659003 68.56948191 11.94538043)
(22.77989094 66.6661389 13.71708118)
(27.50004949 63.5652601 6.476418348)
(26.05407855 74.30947537 14.34925735)
(26.92789577 71.25625041 11.57747989)
(13.10965988 14.65130084 -5.147478568)
(18.53842555 20.29353521 -8.15853167)
(9.554253803 19.41014137 1.705468604)
(14.24248515 21.79047338 -2.333749326)
(13.8206576 17.76475746 -4.170913)
(10.94281303 15.28266638 -2.280900272)
(13.08853854 19.3939686 -2.384909233)
(16.80035905 24.16099081 -3.918708821)
(25.30024622 76.56908742 16.52429557)
(23.81276453 72.92315954 16.13691404)
(3.801806236 11.76993555 3.936748021)
(24.20188224 25.3262918 -11.79246479)
(22.1860918 22.70540233 -10.97800173)
(21.10974595 27.5775792 -6.922191969)
(23.62170753 27.78558111 -9.702665399)
(22.15623294 25.94979687 -9.070371625)
(19.56925981 26.62456998 -5.69361192)
(16.08175271 20.14292485 -5.408765155)
(20.49070041 22.0078713 -9.42305211)
(18.6391946 24.1835412 -6.028993744)
(27.07396574 28.80031128 -13.10313507)
(26.965438 38.08250069 -7.61874348)
(26.45136646 35.87911884 -8.297267899)
(23.11899695 30.34705805 -7.643315818)
(25.89410653 29.57560844 -11.29313299)
(26.19351267 33.00983497 -9.656105805)
(7.111496315 14.75798431 1.840197861)
(7.624601184 11.25628808 -0.7739898672)
(24.70167503 61.11086606 8.290657783)
(26.40598832 61.00961847 6.264230988)
(24.8705083 66.62277926 11.27801048)
(23.71332665 69.21120103 14.10863477)
(22.30189712 68.07648512 15.08328467)
(10.75880471 18.20750165 -0.3797713483)
(12.33819983 15.71427147 -3.642966854)
(25.05574075 72.12950033 14.24342937)
(23.40838424 71.04469397 15.51931957)
(25.23288998 26.11511995 -12.52753984)
(21.32908817 21.65672891 -10.59387106)
(25.77211413 34.24698847 -8.455245783)
(27.00622364 30.62646908 -11.97058054)
(8.369172278 15.81039631 0.9955690984)
(25.17443581 70.35746983 13.08328983)
(16.73021945 31.527294 -2.647421998)
(17.99259976 32.83028386 -3.352811673)
(19.16964585 34.2657259 -3.883194582)
(20.25032056 35.81570897 -4.236167112)
(21.22358397 37.4623299 -4.409317857)
(22.07840514 39.18768872 -4.40024394)
(22.80374137 40.97387082 -4.206537357)
(23.38693083 42.79719745 -3.827248427)
(23.8110682 44.60480619 -3.27337668)
(24.07342836 46.37229109 -2.555866211)
(24.17336814 48.08101741 -1.684733132)
(24.11022709 49.71233225 -0.6699840637)
(23.88335905 51.24759982 0.4783677256)
(23.49211164 52.66817312 1.750309702)
(20.59973565 20.4412892 -13.5160623)
(21.67717308 21.49889889 -14.14956863)
(22.7766163 22.66117473 -14.74805605)
(23.88092081 23.91943468 -15.29674034)
(24.97208873 25.2601972 -15.78262292)
(26.03241303 26.66564117 -16.19554651)
(-0.6630811278 0.3315405639 -0.5742451015)
(-1.146770653 1.717291164 0.7843349358)
(-1.630460178 3.103041764 2.142914973)
(-2.114149704 4.488792364 3.50149501)
(-2.597839229 5.874542964 4.860075047)
(-3.081528754 7.260293564 6.218655085)
(-3.56521828 8.646044164 7.577235122)
(-4.048907805 10.03179476 8.935815159)
(-4.53259733 11.41754536 10.2943952)
(15.75307923 74.84018272 23.4875903)
(17.08200528 76.09704201 22.67872672)
(18.41093133 77.3539013 21.86986315)
(19.73985738 78.61076059 21.06099957)
(21.06878343 79.86761988 20.252136)
(22.39770948 81.12447917 19.44327242)
(23.72663553 82.38133846 18.63440885)
(25.05556157 83.63819775 17.82554528)
(-3.203671281 12.67440465 9.485531622)
(-1.874745233 13.93126394 8.676668047)
(-0.5458191838 15.18812323 7.867804472)
(0.7831068649 16.44498252 7.058940898)
(2.112032914 17.70184181 6.250077323)
(3.440958962 18.9587011 5.441213748)
(4.769885011 20.21556039 4.632350174)
(6.09881106 21.47241968 3.823486599)
(7.427737109 22.72927897 3.014623024)
(8.756663158 23.98613826 2.20575945)
(10.08558921 25.24299755 1.396895875)
(11.41451526 26.49985684 0.5880323004)
(12.7434413 27.75671613 -0.2208312742)
(14.07236735 29.01357542 -1.029694849)
(15.4012934 30.27043471 -1.838558424)
(23.00842211 54.05392372 3.10888974)
(22.52473259 55.43967432 4.467469777)
(22.04104306 56.82542492 5.826049814)
(21.55735354 58.21117552 7.184629851)
(21.07366401 59.59692612 8.543209889)
(20.58997449 60.98267672 9.901789926)
(20.10628496 62.36842732 11.26036996)
(19.62259544 63.75417792 12.61895)
(19.13890591 65.13992852 13.97753004)
(18.65521639 66.52567912 15.33611007)
(18.17152686 67.91142972 16.69469011)
(17.68783733 69.29718032 18.05327015)
(17.20414781 70.68293092 19.41185019)
(16.72045828 72.06868152 20.77043022)
(16.23676876 73.45443212 22.12901026)
(0.665844921 1.588399854 -1.383108676)
(1.99477097 2.845259144 -2.191972251)
(3.323697019 4.102118433 -3.000835825)
(4.652623067 5.358977723 -3.8096994)
(5.981549116 6.615837013 -4.618562975)
(7.310475165 7.872696303 -5.427426549)
(8.639401214 9.129555593 -6.236290124)
(9.968327262 10.38641488 -7.045153699)
(11.29725331 11.64327417 -7.854017273)
(12.62617936 12.90013346 -8.662880848)
(13.95510541 14.15699275 -9.471744423)
(15.28403146 15.41385204 -10.280608)
(16.61295751 16.67071133 -11.08947157)
(17.94188356 17.92757062 -11.89833515)
(19.2708096 19.18442991 -12.70719872)
(25.09929052 45.7887948 -4.077311544)
(-1.688800273 7.655890338 4.838868662)
(23.43377154 57.2210217 4.446263391)
(21.01532392 64.1497747 11.23916358)
(15.52960707 17.24237691 -9.508474959)
(24.88333317 26.77810408 -14.80377288)
(24.8305592 52.94427895 0.3642133524)
(2.240346578 4.673784012 -1.419839213)
(18.59687629 71.0785277 18.03206376)
(-2.12032084 12.10273907 7.904535007)
(19.51638521 21.01295478 -11.93506568)
(18.16535572 75.52537643 21.09773011)
(25.9838878 82.0175153 15.81790504)
(5.853235453 19.64389481 3.051353559)
(24.72721672 43.81524481 -4.787107341)
(25.29631616 47.70711106 -3.197276745)
(22.56878255 37.87722855 -5.723077533)
(1.866457306 15.87331694 5.477944283)
(-1.205110748 6.270139738 3.480288625)
(-2.172489799 9.041640938 6.197448699)
(23.91746107 55.8352711 3.087683353)
(22.95008202 58.6067723 5.804843428)
(21.49901344 62.7640241 9.88058354)
(20.53163439 65.5355253 12.59774361)
(11.16893965 24.67133197 -0.1841007392)
(14.20068102 15.98551762 -8.699611385)
(16.85853311 18.4992362 -10.31733853)
(22.15213387 79.2959543 18.67113939)
(23.86422863 25.46603622 -14.38453505)
(25.87273045 28.13166722 -15.16475041)
(25.16260114 51.30349996 -0.966499844)
(3.569272626 5.930643302 -2.228702787)
(-0.2377316975 3.498638538 0.7631285504)
(19.08056582 69.6927771 16.67348373)
(18.11318677 72.4642783 19.3906438)
(-0.7913947912 13.35959836 7.095671433)
(18.18745916 19.75609549 -11.12620211)
(16.48464384 29.69876913 -3.419555038)
(20.77154303 21.92943335 -12.85526795)
(19.49428177 76.78223572 20.28886653)
(7.182161501 20.9007541 2.242489985)
(8.884976821 10.95808046 -5.464157086)
(4.524309404 18.38703552 3.860217134)
(24.17843411 41.8085173 -5.312012439)
(25.31763514 49.55156479 -2.156997933)
(23.44764964 39.81473272 -5.619287285)
(21.55718851 36.01683582 -5.629087595)
(3.195383355 17.13017623 4.669080709)
(0.5375312576 14.61645765 6.286807858)
(-0.7214212228 4.884389138 2.121708588)
(24.4011506 54.4495205 1.729103316)
(22.46639249 59.9925229 7.163423465)
(21.98270297 61.3782735 8.522003502)
(20.04794487 66.9212759 13.95632365)
(12.4978657 25.92819126 -0.9929643139)
(9.840013599 23.41447268 0.6247628355)
(11.54282892 13.47179904 -7.081884235)
(12.87175497 14.72865833 -7.89074781)
(20.82320782 78.03909501 19.48000296)
(23.48105992 80.55281359 17.86227581)
(22.82947502 24.21194975 -13.91375166)
(6.227124724 8.444361881 -3.846429937)
(4.898198675 7.187502591 -3.037566362)
(19.56425534 68.3070265 15.31490369)
(17.83644373 31.07734948 -4.184555359)
(15.15571779 28.44190984 -2.610691463)
(21.79375345 23.02960184 -13.40043229)
(8.51108755 22.15761339 1.43362641)
(7.556050773 9.701221171 -4.655293511)
(10.21390287 12.21493975 -6.273020661)
(20.42391054 34.25145247 -5.339735462)
(13.82679175 27.18505055 -1.801827889)
(19.17998496 32.59899006 -4.85742355)
(25.67937803 35.24282384 -10.83585807)
(2.717864966 10.90198012 1.624620749)
(25.40321751 67.37811081 8.036341206)
(13.34927336 20.95685444 -4.846287849)
(23.37873687 75.28120367 14.93686289)
(-0.907366182 11.15976274 5.959507973)
(19.37831038 74.5824001 19.15270307)
(8.033569161 15.92941728 -1.61083355)
(1.027391919 5.616760344 0.5251878237)
(24.80295228 80.07985876 16.06282539)
(19.30714438 26.50627376 -8.521885996)
(23.72510595 35.91621829 -8.190474589)
(23.10605761 30.24481195 -10.75004711)
(3.495092485 8.675255243 -0.5584444944)
(3.346732202 14.16447912 2.78207209)
(0.5824499089 8.882367178 2.924361587)
(25.71129916 58.45343554 2.527935498)
(23.27694829 65.36714773 9.330515342)
(26.48371711 70.94421474 8.847578799)
(14.12650087 18.73012956 -7.029353092)
(11.32028849 21.70563486 -2.071109358)
(13.97814059 24.21935344 -3.688836508)
(22.15897987 76.74425192 17.19000825)
(25.28151757 77.04865447 13.76015918)
(21.16072424 72.58173493 15.93946425)
(0.3072678724 12.7440639 5.471666074)
(-0.7376913291 9.477026274 4.792055975)
(20.59294444 76.16670126 18.66486118)
(19.54798523 72.89966363 17.98525108)
(7.256341644 18.15614216 0.5722316907)
(8.81079668 13.7026924 -3.793898793)
(0.2296877215 6.705525074 2.0748959)
(2.470609962 6.546177771 -0.6046974253)
(25.51191658 79.01439646 14.62903898)
(20.32982465 24.48327957 -10.87075169)
(19.62214493 29.7536515 -7.010742886)
(16.68810011 22.66027507 -7.718162547)
(16.73381923 26.45280301 -5.581337407)
(24.36027225 38.33220065 -7.529033386)
(22.07722268 34.13648985 -7.315189584)
(23.25695749 27.69101863 -12.39872454)
(25.15894011 32.33002175 -11.9166152)
(5.074563774 9.214312722 -2.071035862)
(4.375293448 16.28187122 2.816868765)
(5.526978875 12.98233983 -0.4179683562)
(2.038771197 8.77881121 1.182958546)
(24.5350972 59.1842282 4.30801986)
(25.50247625 56.412727 1.590859786)
(24.78349057 63.1055713 6.2851884)
(22.11125952 66.10788344 11.10420076)
(23.07863857 63.33638224 8.387040682)
(25.42632523 73.59969246 11.60169056)
(26.60778208 69.13749079 7.661208357)
(13.04812007 16.75546846 -6.92421731)
(15.70597216 19.26918704 -8.541944459)
(9.690997643 21.30930838 -0.4185855341)
(12.34884974 23.82302696 -2.036312683)
(10.84268307 18.00977699 -3.653422655)
(15.00670184 26.33674554 -3.654039833)
(23.36859924 78.57718581 16.85150499)
(26.28244249 76.20133761 12.11519202)
(21.80203784 74.67596892 16.40804566)
(20.76862567 70.36768963 15.11394103)
(1.837400169 13.93689511 4.393502905)
(1.174952429 11.25361646 3.609240019)
(7.732415872 11.7280313 -3.688763011)
(10.39026797 14.24174988 -5.306490161)
(26.03354626 42.85111236 -6.852168895)
(21.70843114 24.7294367 -12.32051045)
(21.08471624 28.69225877 -9.312370137)
(17.80846793 28.84232973 -5.44264095)
(15.01172196 22.83078326 -5.684004845)
(18.50877592 24.04716204 -9.019778313)
(25.08630256 40.59114085 -7.063181252)
(20.65532144 32.07473392 -6.863674801)
(24.65155084 28.34698573 -13.63033945)
(26.08274843 33.92292271 -12.06367536)
(23.45327533 32.92325963 -9.604577105)
(6.467793433 10.28694481 -3.060514473)
(5.760792947 17.73972383 2.058723338)
(7.227715071 13.68636218 -1.975341868)
(4.475667895 10.84386671 -0.4386670312)
(3.989317975 12.70551911 1.197746993)
(23.87288474 60.40113704 5.775259593)
(26.33033461 61.76339764 3.724142432)
(26.11728987 54.847979 -0.02247350218)
(24.76518138 65.1547396 7.489417909)
(23.93973805 69.23256304 10.79689022)
(21.45372869 67.32922003 12.56859097)
(26.17388723 64.22834123 5.327928145)
(24.72791629 74.97255649 13.20076715)
(25.60173351 71.91933154 10.42898969)
(11.78349763 15.31438197 -6.295968771)
(17.21226329 20.95661634 -9.307021873)
(8.228091548 20.0732225 0.5569784008)
(12.91632289 22.45355451 -3.482239529)
(12.49449534 18.42783859 -5.319403203)
(9.61665077 15.94574751 -3.429390475)
(11.76237628 20.05704973 -3.533399436)
(15.47419679 24.82407193 -5.067199024)
(23.97408397 77.23216855 15.37580537)
(22.48660227 73.58624067 14.98842384)
(2.475643981 12.43301668 2.788257818)
(22.87571999 25.98937293 -12.940955)
(20.85992954 23.36848346 -12.12649193)
(19.78358369 28.24066032 -8.070682172)
(22.29554528 28.44866224 -10.8511556)
(20.83007068 26.612878 -10.21886183)
(18.24309755 27.28765111 -6.842102123)
(14.75559045 20.80600598 -6.557255358)
(19.16453816 22.67095243 -10.57154231)
(17.31303234 24.84662233 -7.177483947)
(25.74780349 29.46339241 -14.25162528)
(25.63927575 38.74558182 -8.767233683)
(25.1252042 36.54219996 -9.445758102)
(21.7928347 31.01013918 -8.791806021)
(24.56794428 30.23868956 -12.4416232)
(24.86735042 33.6729161 -10.80459601)
(5.78533406 15.42106544 0.6917076581)
(6.298438928 11.91936921 -1.92248007)
(23.37551277 61.77394719 7.14216758)
(25.07982607 61.6726996 5.115740785)
(23.54434605 67.28586039 10.12952028)
(22.3871644 69.87428216 12.96014456)
(20.97573487 68.73956625 13.93479446)
(9.432642459 18.87058278 -1.528261551)
(11.01203757 16.3773526 -4.791457057)
(23.72957849 72.79258146 13.09493917)
(22.08222199 71.7077751 14.37082937)
(23.90672773 26.77820108 -13.67603005)
(20.00292592 22.31981004 -11.74236126)
(24.44595188 34.9100696 -9.603735986)
(25.68006138 31.28955021 -13.11907074)
(7.043010022 16.47347743 -0.1529211045)
(23.84827356 71.02055096 11.93479963)
)


// ************************************************************************* //
