/*--------------------------------*- C++ -*----------------------------------*\
| =========                 |                                                 |
| \\      /  F ield         | OpenFOAM: The Open Source CFD Toolbox           |
|  \\    /   O peration     | Version:  2412                                  |
|   \\  /    A nd           | Website:  www.openfoam.com                      |
|    \\/     M anipulation  |                                                 |
\*---------------------------------------------------------------------------*/
FoamFile
{
    version     2.0;
    format      ascii;
    arch        "LSB;label=32;scalar=64";
    class       labelList;
    location    "constant/polyMesh";
    object      cellProcAddressing;
}
// * * * * * * * * * * * * * * * * * * * * * * * * * * * * * * * * * * * * * //


459
(
1
4
5
7
12
13
14
15
20
25
26
31
32
33
34
35
37
42
43
45
46
53
58
68
69
70
71
72
73
74
75
76
77
78
79
80
81
82
84
85
88
89
90
104
105
114
115
116
117
118
119
120
121
124
125
126
132
133
134
135
141
142
143
158
159
160
161
167
168
169
170
184
185
186
187
188
189
190
191
198
199
200
201
204
205
206
207
215
216
217
225
226
227
228
229
230
231
232
233
243
244
245
246
247
248
249
250
251
252
253
256
257
261
262
263
264
265
266
267
268
269
270
271
272
273
274
275
276
277
278
279
280
281
282
283
284
285
286
287
288
289
290
291
292
296
297
298
299
300
301
309
310
311
317
319
320
325
327
341
348
349
350
353
354
355
356
357
358
359
360
361
362
363
382
383
384
385
386
391
392
393
394
395
396
397
398
399
415
416
424
425
426
427
428
441
442
443
445
451
452
453
454
455
456
457
458
459
460
461
462
463
464
465
466
469
471
472
473
474
475
476
477
478
479
480
481
486
487
503
504
507
508
509
510
511
512
513
514
515
516
517
518
519
520
521
522
523
525
528
529
530
531
535
537
538
543
544
576
577
578
579
580
583
584
585
586
587
588
589
590
591
592
593
594
595
596
597
598
599
605
606
607
608
609
610
611
612
613
614
651
652
653
654
655
656
657
658
659
660
661
662
663
664
665
666
667
668
669
670
671
673
674
675
676
677
678
679
680
681
682
684
685
686
700
702
703
704
720
721
722
723
725
730
731
732
733
734
735
736
737
738
739
740
741
742
743
744
745
777
778
779
780
781
782
783
784
785
786
787
788
789
790
791
792
793
794
795
796
797
798
799
800
801
802
803
804
805
806
807
808
809
810
811
812
813
814
815
816
817
818
829
830
831
832
833
834
835
836
837
838
839
840
841
842
843
850
852
853
855
862
863
864
865
866
867
874
875
876
877
878
879
880
881
882
883
884
885
886
887
888
889
890
891
892
893
894
895
896
897
898
899
900
901
902
903
904
905
906
907
908
909
910
911
912
913
914
915
916
917
)


// ************************************************************************* //
