/*--------------------------------*- C++ -*----------------------------------*\
| =========                 |                                                 |
| \\      /  F ield         | OpenFOAM: The Open Source CFD Toolbox           |
|  \\    /   O peration     | Version:  2412                                  |
|   \\  /    A nd           | Website:  www.openfoam.com                      |
|    \\/     M anipulation  |                                                 |
\*---------------------------------------------------------------------------*/
FoamFile
{
    version     2.0;
    format      ascii;
    arch        "LSB;label=32;scalar=64";
    class       labelList;
    location    "constant/polyMesh";
    object      pointProcAddressing;
}
// * * * * * * * * * * * * * * * * * * * * * * * * * * * * * * * * * * * * * //


572
(
19
20
21
22
23
24
25
26
27
28
38
39
40
41
42
50
51
97
98
99
100
101
102
103
104
105
106
107
108
109
110
111
112
113
114
115
116
117
118
119
120
121
122
123
124
125
126
127
128
129
130
131
132
133
134
135
136
137
138
139
140
141
142
143
144
145
146
147
148
149
150
151
152
153
154
155
160
161
162
163
164
165
168
171
172
174
175
177
178
179
180
182
186
189
195
196
197
198
199
200
202
204
205
206
211
216
217
218
219
221
225
226
228
229
230
236
237
240
241
248
249
250
253
254
256
257
261
265
266
270
271
272
273
274
276
278
279
280
281
282
283
284
285
286
288
289
290
291
293
294
297
301
303
305
306
307
308
309
315
316
317
319
320
325
327
328
329
336
337
340
345
346
347
348
349
350
351
352
353
354
358
363
364
365
366
367
369
372
373
374
375
376
384
387
388
389
390
391
396
397
398
399
405
406
407
408
409
410
411
412
413
414
415
416
419
427
428
429
430
431
432
433
434
435
436
437
439
441
451
453
454
455
456
457
458
459
461
462
463
464
465
475
476
477
478
479
480
481
482
483
484
485
486
489
490
494
495
496
497
498
506
507
508
509
510
511
512
513
514
515
516
519
520
521
522
524
526
528
529
530
531
532
533
534
535
536
556
557
558
559
560
561
562
563
564
565
575
576
577
578
579
587
588
634
635
636
637
638
639
640
641
642
643
644
645
646
647
648
649
650
651
652
653
654
655
656
657
658
659
660
661
662
663
664
665
666
667
668
669
670
671
672
673
674
675
676
677
678
679
680
681
682
683
684
685
686
687
688
689
690
691
692
697
698
699
700
701
702
705
708
709
711
712
714
715
716
717
719
723
726
732
733
734
735
736
737
739
741
742
743
748
753
754
755
756
758
762
763
765
766
767
773
774
777
778
785
786
787
790
791
793
794
798
802
803
807
808
809
810
811
813
815
816
817
818
819
820
821
822
823
825
826
827
828
830
831
834
838
840
842
843
844
845
846
852
853
854
856
857
862
864
865
866
873
874
877
882
883
884
885
886
887
888
889
890
891
895
900
901
902
903
904
906
909
910
911
912
913
921
924
925
926
927
928
933
934
935
936
942
943
944
945
946
947
948
949
950
951
952
953
956
964
965
966
967
968
969
970
971
972
973
974
976
978
988
990
991
992
993
994
995
996
998
999
1000
1001
1002
1012
1013
1014
1015
1016
1017
1018
1019
1020
1021
1022
1023
1026
1027
1031
1032
1033
1034
1035
1043
1044
1045
1046
1047
1048
1049
1050
1051
1052
1053
1056
1057
1058
1059
1061
1063
1065
1066
1067
1068
1069
1070
1071
1072
1073
)


// ************************************************************************* //
